SIZES
  narena                14680064
  nbuffer               430368
  nplugin               0
  maxuse_stack          10472
  maxuse_arena          35712
  maxuse_con            4
  maxuse_efc            40
  solver_nisland        1
  ne                    0
  nf                    12
  nl                    0
  nefc                  24
  nnzJ                  432
  ncon                  2
  nisland               0
  threadpool            0

TIMER
    0:  duration =  0          number = 0
    1:  duration =  0.079      number = 1
    2:  duration =  0          number = 0
    3:  duration =  0.055      number = 1
    4:  duration =  0.004      number = 1
    5:  duration =  0.0012     number = 1
    6:  duration =  0.013      number = 1
    7:  duration =  0          number = 0
    8:  duration =  0.0097     number = 1
    9:  duration =  0.0036     number = 1
    10:  duration =  0.032      number = 1
    11:  duration =  0.0082     number = 1
    12:  duration =  6e-05      number = 1
    13:  duration =  0.0099     number = 1
    14:  duration =  0.013      number = 1

SOLVER STAT
  solver_nisland = 1
  solver_fwdinv =   0         0       
  ISLAND 0
    solver_niter = 1
    solver_nnz = 324
      0:  improvement =  0.32        gradient =  4.9e-17     lineslope =  0       
          nactive = 12   nchange = 0   neval = 2   nupdate = 0

ENERGY =   0         0       

TIME =  0       

QPOS
  -3.1     
  -0.065   
   0.31    
  -1       
   0.013   
  -0.0098  
  -0.053   
  -0.2     
   0.98    
  -2       
  -0.025   
   0.71    
  -1.7     
  -0.045   
   0.72    
  -1.7     
  -0.21    
   0.84    
  -1.7     

QVEL
   0       
   0       
   0       
   0       
   0       
   0       
   0       
   0       
   0       
   0       
   0       
   0       
   0       
   0       
   0       
   0       
   0       
   0       

QACC_WARMSTART
   2       
  -0.75    
  -11      
  -1.4e+02 
  -8.6     
  -13      
   4.8e+02 
  -42      
   4.8e+02 
   2.4e+02 
   1.7e+02 
  -3.5e+02 
   1e+02   
   2.2e+02 
  -4e+02   
   28      
  -1.1e+02 
   8.3e+02 

CTRL
   3       
   3.5     
  -5       
   9.2     
   0.8     
   7.1     
   0.01    
   0.99    
   13      
   1.1     
   4.4     
  -5.3     

QFRC_APPLIED
   0       
   0       
   0       
   0       
   0       
   0       
   0       
   0       
   0       
   0       
   0       
   0       
   0       
   0       
   0       
   0       
   0       
   0       

XFRC_APPLIED
   0         0         0         0         0         0       
   0         0         0         0         0         0       
   0         0         0         0         0         0       
   0         0         0         0         0         0       
   0         0         0         0         0         0       
   0         0         0         0         0         0       
   0         0         0         0         0         0       
   0         0         0         0         0         0       
   0         0         0         0         0         0       
   0         0         0         0         0         0       
   0         0         0         0         0         0       
   0         0         0         0         0         0       
   0         0         0         0         0         0       
   0         0         0         0         0         0       
   0         0         0         0         0         0       
   0         0         0         0         0         0       
   0         0         0         0         0         0       
   0         0         0         0         0         0       

QACC
   2       
  -0.75    
  -11      
  -1.4e+02 
  -8.6     
  -13      
   4.8e+02 
  -42      
   4.8e+02 
   2.4e+02 
   1.7e+02 
  -3.5e+02 
   1e+02   
   2.2e+02 
  -4e+02   
   28      
  -1.1e+02 
   8.3e+02 

SENSOR
  -0.025   
   0.71    
  -1.7     
  -0.2     
   0.98    
  -2       
  -0.21    
   0.84    
  -1.7     
  -0.045   
   0.72    
  -1.7     
   0       
   0       
   0       
   0       
   0       
   0       
   0       
   0       
   0       
   0       
   0       
   0       
   3       
   3.5     
  -5       
   9.2     
   0.8     
   7.1     
   0.01    
   0.99    
   13      
   1.1     
   4.4     
  -5.3     
  -1       
   0.013   
  -0.0098  
  -0.053   
   0       
   0       
   0       
   1.6     
   5.2     
  -1.6     
  -3.2     
  -0.066   
   0.35    
   0       
   0       
   0       

XPOS
   0         0         0       
  -3.1      -0.065     0.31    
  -2.9       0.002     0.3     
  -3         0.094     0.28    
  -3.1       0.049     0.17    
  -2.9       0.045     0.063   
  -2.9      -0.09      0.3     
  -2.9      -0.19      0.31    
  -3.1      -0.21      0.15    
  -2.9      -0.2       0.023   
  -3.3      -0.039     0.31    
  -3.3       0.056     0.3     
  -3.5       0.029     0.15    
  -3.3       0.039     0.022   
  -3.3      -0.13      0.31    
  -3.3      -0.22      0.33    
  -3.5      -0.27      0.2     
  -3.3      -0.29      0.062   

XQUAT
   1         0         0         0       
  -1         0.013    -0.0098   -0.053   
  -0.99      0.11     -0.0043   -0.054   
  -0.87      0.13     -0.47      0.0061  
  -0.86      0.071     0.5      -0.1     
  -0.86      0.071     0.5      -0.1     
  -1         0.026    -0.0091   -0.053   
  -0.93      0.043    -0.36     -0.041   
  -0.89     -0.0019    0.45     -0.059   
  -0.89     -0.0019    0.45     -0.059   
  -1         0.035    -0.0086   -0.054   
  -0.93      0.052    -0.36     -0.038   
  -0.89      0.0064    0.46     -0.064   
  -0.89      0.0064    0.46     -0.064   
  -0.99      0.12     -0.0041   -0.054   
  -0.9       0.13     -0.41     -0.0013  
  -0.9       0.084     0.42     -0.1     
  -0.9       0.084     0.42     -0.1     

XMAT
   1         0         0         0         1         0         0         0         1       
   0.99     -0.11      0.018     0.11      0.99      0.027    -0.021    -0.025     1       
   0.99     -0.11     -0.0037    0.11      0.97      0.23     -0.021    -0.23      0.97    
   0.56     -0.11      0.82     -0.13      0.97      0.21     -0.82     -0.23      0.52    
   0.48     -0.11     -0.87      0.25      0.97      0.016     0.84     -0.23      0.49    
   0.48     -0.11     -0.87      0.25      0.97      0.016     0.84     -0.23      0.49    
   0.99     -0.11      0.015     0.11      0.99      0.052    -0.021    -0.05      1       
   0.74     -0.11      0.66      0.046     0.99      0.11     -0.67     -0.05      0.74    
   0.59     -0.11     -0.8       0.1       0.99     -0.057     0.8      -0.05      0.59    
   0.59     -0.11     -0.8       0.1       0.99     -0.057     0.8      -0.05      0.59    
   0.99     -0.11      0.013     0.11      0.99      0.072    -0.021    -0.07      1       
   0.74     -0.11      0.67      0.032     0.99      0.12     -0.68     -0.07      0.73    
   0.57     -0.11     -0.81      0.12      0.99     -0.047     0.81     -0.07      0.58    
   0.57     -0.11     -0.81      0.12      0.99     -0.047     0.81     -0.07      0.58    
   0.99     -0.11     -0.0048    0.11      0.97      0.24     -0.021    -0.24      0.97    
   0.67     -0.11      0.73     -0.1       0.97      0.24     -0.73     -0.24      0.64    
   0.63     -0.11     -0.77      0.25      0.97      0.069     0.74     -0.24      0.64    
   0.63     -0.11     -0.77      0.25      0.97      0.069     0.74     -0.24      0.64    

XIPOS
   0         0         0       
  -3.1      -0.063     0.3     
  -3         0.0033    0.3     
  -3         0.066     0.27    
  -3         0.047     0.1     
  -2.8       0.042    -0.041   
  -2.9      -0.093     0.3     
  -3        -0.17      0.28    
  -3        -0.2       0.071   
  -2.7      -0.18     -0.1     
  -3.3      -0.037     0.31    
  -3.4       0.029     0.28    
  -3.4       0.036     0.069   
  -3.1       0.049    -0.1     
  -3.3      -0.13      0.31    
  -3.3      -0.21      0.31    
  -3.4      -0.28      0.11    
  -3.1      -0.3      -0.073   

XIMAT
   1         0         0         0         1         0         0         0         1       
   0.036     0.1       0.99      0.026    -0.99      0.1       1         0.022    -0.039   
  -0.12      0.0051    0.99      0.97      0.23      0.11     -0.23      0.97     -0.032   
   0.22     -0.45      0.86      0.86      0.51      0.046    -0.46      0.73      0.5     
  -0.11     -0.47     -0.87      0.97     -0.24      0.0071   -0.21     -0.85      0.49    
   0.48     -0.11     -0.87      0.25      0.97      0.016     0.84     -0.23      0.49    
  -0.1       0.025     0.99      0.99      0.048     0.098    -0.045     1        -0.03    
  -0.47     -0.56      0.68      0.87     -0.4       0.27      0.12      0.72      0.68    
  -0.11     -0.58     -0.81      0.99     -0.11     -0.049    -0.063    -0.81      0.59    
   0.59     -0.11     -0.8       0.1       0.99     -0.057     0.8      -0.05      0.59    
  -0.1       0.0034    0.99      0.99      0.076     0.1      -0.075     1        -0.011   
   0.27     -0.64      0.72      0.93      0.36     -0.037    -0.24      0.68      0.69    
  -0.11     -0.57     -0.81      0.99     -0.11     -0.056    -0.057    -0.81      0.58    
   0.57     -0.11     -0.81      0.12      0.99     -0.047     0.81     -0.07      0.58    
  -0.12     -0.014     0.99      0.97      0.23      0.12     -0.23      0.97     -0.013   
  -0.45     -0.49      0.75      0.89     -0.24      0.38     -0.0082    0.84      0.54    
  -0.11     -0.63     -0.77      0.96     -0.26      0.076    -0.25     -0.74      0.63    
   0.63     -0.11     -0.77      0.25      0.97      0.069     0.74     -0.24      0.64    

XANCHOR
  -3.1      -0.065     0.31    
  -2.9       0.002     0.3     
  -3         0.094     0.28    
  -3.1       0.049     0.17    
  -2.9      -0.09      0.3     
  -2.9      -0.19      0.31    
  -3.1      -0.21      0.15    
  -3.3      -0.039     0.31    
  -3.3       0.056     0.3     
  -3.5       0.029     0.15    
  -3.3      -0.13      0.31    
  -3.3      -0.22      0.33    
  -3.5      -0.27      0.2     

XAXIS
   0         0         1       
   0.99      0.11     -0.021   
  -0.11      0.97     -0.23    
  -0.11      0.97     -0.23    
   0.99      0.11     -0.021   
  -0.11      0.99     -0.05    
  -0.11      0.99     -0.05    
   0.99      0.11     -0.021   
  -0.11      0.99     -0.07    
  -0.11      0.99     -0.07    
   0.99      0.11     -0.021   
  -0.11      0.97     -0.24    
  -0.11      0.97     -0.24    

GEOM_XPOS
   0         0         0       
   1.2       0         0.04    
   1.6       0         0.04    
   2.3       0         0.02    
   2.6       0         0.02    
   2.8       0         0.02    
   3         0         0.02    
   3.2       0         0.02    
   3.4       0         0.02    
  -2.8      -0.036     0.24    
  -2.8      -0.036     0.24    
  -2.8      -0.029     0.33    
  -3.1      -0.05      0.34    
  -3.1      -0.057     0.3     
  -3.1      -0.065     0.31    
  -2.9      -0.034     0.31    
  -2.8      -0.035     0.24    
  -3        -0.0039    0.3     
  -3         0.0099    0.3     
  -3         0.079     0.28    
  -3         0.07      0.26    
  -2.9       0.076     0.29    
  -3         0.072     0.22    
  -3         0.049     0.11    
  -2.9       0.044     0.056   
  -3.1       0.05      0.14    
  -3         0.051     0.11    
  -2.9       0.044     0.056   
  -2.9       0.045     0.061   
  -3        -0.088     0.3     
  -3        -0.1       0.3     
  -2.9      -0.17      0.31    
  -3        -0.17      0.28    
  -2.9      -0.16      0.32    
  -3        -0.2       0.23    
  -3        -0.2       0.081   
  -2.9      -0.2       0.016   
  -3        -0.2       0.12    
  -2.9      -0.2       0.078   
  -2.9      -0.2       0.015   
  -2.9      -0.2       0.022   
  -3.3      -0.041     0.31    
  -3.3      -0.027     0.31    
  -3.3       0.04      0.3     
  -3.4       0.034     0.28    
  -3.3       0.035     0.31    
  -3.4       0.042     0.22    
  -3.4       0.036     0.078   
  -3.3       0.039     0.014   
  -3.4       0.033     0.12    
  -3.4       0.039     0.076   
  -3.3       0.039     0.014   
  -3.3       0.039     0.02    
  -3.3      -0.13      0.31    
  -3.3      -0.14      0.31    
  -3.3      -0.21      0.33    
  -3.3      -0.22      0.31    
  -3.3      -0.2       0.34    
  -3.4      -0.25      0.27    
  -3.4      -0.28      0.12    
  -3.3      -0.29      0.055   
  -3.4      -0.28      0.17    
  -3.3      -0.28      0.12    
  -3.3      -0.29      0.055   
  -3.3      -0.29      0.061   

GEOM_XMAT
   1         0         0         0         1         0         0         0         1       
   1         0         0         0         1         0         0         0         1       
   1         0         0         0         1         0         0         0         1       
   1         0         0         0         1         0         0         0         1       
   1         0         0         0         1         0         0         0         1       
   1         0         0         0         1         0         0         0         1       
   1         0         0         0         1         0         0         0         1       
   1         0         0         0         1         0         0         0         1       
   1         0         0         0         1         0         0         0         1       
  -0.24     -0.96      0.11     -0.0034   -0.11     -0.99      0.97     -0.24      0.023   
  -0.24     -0.96      0.11     -0.0021   -0.11     -0.99      0.97     -0.24      0.024   
   0.99     -0.11     -0.029     0.11      0.99      0.022     0.027    -0.025     1       
   0.0032    0.12      0.99      0.033    -0.99      0.12      1         0.033    -0.0072  
  -0.028     0.1       0.99      0.0089   -0.99      0.1       1         0.012     0.027   
   0.99     -0.11      0.018     0.11      0.99      0.027    -0.021    -0.025     1       
   0.99     -0.11      0.018     0.11      0.99      0.027    -0.021    -0.025     1       
   0.99     -0.11      0.018     0.11      0.99      0.027    -0.021    -0.025     1       
  -0.056    -0.00056   1         0.97      0.23      0.055    -0.23      0.97     -0.012   
  -0.46     -0.0024    0.89      0.86      0.23      0.45     -0.2       0.97     -0.1     
   0.99     -0.0037    0.11      0.11      0.23     -0.97     -0.021     0.97      0.23    
   0.063    -0.5       0.86      0.97      0.25      0.073    -0.25      0.83      0.5     
   0.43     -0.9       0.081    -0.41     -0.27     -0.87      0.81      0.34     -0.48    
  -0.82     -0.11      0.56     -0.21      0.97     -0.13     -0.52     -0.23     -0.82    
  -0.12     -0.44     -0.89      0.96     -0.27      0.0037   -0.24     -0.86      0.45    
  -0.49      0.11      0.87      0.15     -0.97      0.2       0.86      0.23      0.45    
   0.28     -0.11     -0.95      0.25      0.97     -0.036     0.93     -0.23      0.3     
   0.52     -0.11     -0.85      0.25      0.97      0.029     0.82     -0.23      0.53    
  -0.48      0.11      0.87      0.15     -0.97      0.2       0.86      0.23      0.45    
   0.48     -0.11     -0.87      0.25      0.97      0.016     0.84     -0.23      0.49    
   0.16     -0.012     0.99     -0.99     -0.052     0.16      0.049    -1        -0.02    
  -0.26     -0.014     0.97     -0.96     -0.052    -0.26      0.054    -1         6.5e-06 
   0.99      0.015     0.11      0.11      0.052    -0.99     -0.021     1         0.05    
  -0.28     -0.67      0.69      0.96     -0.14      0.24     -0.067     0.72      0.69    
   0.11     -0.99     -0.085     0.68      0.14     -0.72      0.73      0.025     0.69    
  -0.66     -0.11      0.74     -0.11      0.99      0.046    -0.74     -0.05     -0.67    
  -0.095    -0.55     -0.83      0.99     -0.084    -0.058    -0.037    -0.83      0.56    
  -0.37      0.11      0.92      0.0072   -0.99      0.12      0.93      0.05      0.37    
   0.41     -0.11     -0.9       0.09      0.99     -0.076     0.91     -0.05      0.42    
   0.62     -0.11     -0.77      0.11      0.99     -0.052     0.77     -0.05      0.63    
  -0.37      0.11      0.92      0.0072   -0.99      0.12      0.93      0.05      0.37    
   0.59     -0.11     -0.8       0.1       0.99     -0.057     0.8      -0.05      0.59    
  -0.16     -0.017    -0.99      0.98     -0.072    -0.16     -0.068    -1         0.028   
   0.26     -0.015    -0.97      0.96     -0.071     0.26     -0.073    -1        -0.0044  
   0.99      0.013     0.11      0.11      0.072    -0.99     -0.021     1         0.07    
   0.065    -0.69      0.72      1         0.084    -0.0097   -0.054     0.72      0.69    
   0.26     -0.94      0.24     -0.54     -0.34     -0.77      0.8       0.067    -0.6     
  -0.67     -0.11      0.74     -0.12      0.99      0.032    -0.73     -0.07     -0.68    
  -0.12     -0.54     -0.83      0.99     -0.13     -0.054    -0.083    -0.83      0.55    
  -0.38      0.11      0.92      0.024    -0.99      0.13      0.92      0.07      0.38    
   0.4      -0.11     -0.91      0.11      0.99     -0.07      0.91     -0.07      0.41    
   0.61     -0.11     -0.78      0.12      0.99     -0.041     0.78     -0.07      0.62    
  -0.38      0.11      0.92      0.024    -0.99      0.13      0.92      0.07      0.38    
   0.57     -0.11     -0.81      0.12      0.99     -0.047     0.81     -0.07      0.58    
   0.056    -0.008    -1        -0.97      0.24     -0.056     0.24      0.97      0.0054  
   0.46     -0.0061   -0.89     -0.86      0.24     -0.45      0.21      0.97      0.1     
   0.99     -0.0048    0.11      0.11      0.24     -0.97     -0.021     0.97      0.24    
  -0.28     -0.6       0.75      0.93      0.018     0.36     -0.23      0.8       0.55    
   0.19     -0.98     -0.017     0.8       0.17     -0.57      0.56      0.095     0.82    
  -0.73     -0.11      0.67     -0.24      0.97     -0.1      -0.64     -0.24     -0.73    
  -0.096    -0.6      -0.79      0.97     -0.24      0.061    -0.22     -0.76      0.6     
  -0.32      0.11      0.94      0.19     -0.97      0.18      0.93      0.24      0.28    
   0.46     -0.11     -0.88      0.26      0.97      0.018     0.85     -0.24      0.48    
   0.67     -0.11     -0.74      0.25      0.97      0.081     0.7      -0.24      0.67    
  -0.32      0.11      0.94      0.19     -0.97      0.17      0.93      0.24      0.28    
   0.63     -0.11     -0.77      0.25      0.97      0.069     0.74     -0.24      0.64    

SITE_XPOS
  -3.2      -0.066     0.35    

SITE_XMAT
   0.99     -0.11      0.018     0.11      0.99      0.027    -0.021    -0.025     1       

LIGHT_XPOS
   0         0         1.5     

LIGHT_XDIR
   0         0        -1       

SUBTREE_COM
  -3.1      -0.068     0.28    
  -3.1      -0.068     0.28    
  -3         0.044     0.26    
  -3         0.063     0.24    
  -3         0.047     0.1     
  -2.8       0.042    -0.041   
  -2.9      -0.15      0.27    
  -3        -0.17      0.25    
  -3        -0.2       0.071   
  -2.7      -0.18     -0.1     
  -3.4       0.0085    0.27    
  -3.4       0.031     0.24    
  -3.4       0.036     0.069   
  -3.1       0.049    -0.1     
  -3.3      -0.19      0.29    
  -3.3      -0.22      0.28    
  -3.4      -0.28      0.11    
  -3.1      -0.3      -0.073   

CDOF
   0         0         0         1         0         0       
   0         0         0         0         1         0       
   0         0         0         0         0         1       
   0.99      0.11     -0.021    -0.0024    0.022    -0.0028  
  -0.11      0.99     -0.025    -0.022    -0.0024    0.00095 
   0.018     0.027     1         0.0023   -0.00024  -3.5e-05 
   0.99      0.11     -0.021    -0.0033    0.021    -0.049   
  -0.11      0.97     -0.23     -0.032     0.041     0.19    
  -0.11      0.97     -0.23      0.086     0.013     0.015   
   0.99      0.11     -0.021    -0.0016    0.023     0.044   
  -0.11      0.99     -0.05     -0.018     0.0078    0.19    
  -0.11      0.99     -0.05      0.14      0.018     0.052   
   0.99      0.11     -0.021    -0.0033    0.021    -0.049   
  -0.11      0.99     -0.07     -0.027    -0.016    -0.19    
  -0.11      0.99     -0.07      0.13     -0.0096   -0.34    
   0.99      0.11     -0.021    -0.0016    0.023     0.044   
  -0.11      0.97     -0.24     -0.011    -0.047    -0.19    
  -0.11      0.97     -0.24      0.13     -0.069    -0.34    

CINERT
   0         0         0         0         0         0         0         0         0         0       
   0.027     0.1       0.11     -0.0084    0.00073  -4e-05     0.15      0.035     0.11      6.9     
   0.0041    0.024     0.027    -0.0088   -0.002    -0.00086   0.12      0.048     0.011     0.68    
   0.023     0.032     0.052    -0.023     0.0002    0.0019    0.17      0.15     -0.016     1.2     
   0.011     0.013     0.0083   -0.0036    0.0062    0.005     0.031     0.028    -0.043     0.24    
   0         0         0         0         0         0         0         0        -0         0       
   0.0012    0.026     0.026     0.0033   -0.0025    0.00032   0.13     -0.017     0.013     0.68    
   0.015     0.043     0.053     0.02     -0.0026   -0.00077   0.21     -0.11      0.0014    1.2     
   0.016     0.021     0.013     0.0058    0.01     -0.0067    0.045    -0.032    -0.051     0.24    
   0         0         0         0         0         0         0        -0        -0         0       
   0.0016    0.026     0.026     0.004     0.0032   -0.00054  -0.13      0.021     0.017     0.68    
   0.014     0.066     0.075     0.026    -0.0029    0.00027  -0.26      0.11     -0.0017    1.2     
   0.014     0.025     0.016     0.0057   -0.011     0.0054   -0.056     0.025    -0.052     0.24    
   0         0         0         0         0         0        -0         0        -0         0       
   0.0039    0.024     0.026    -0.0081    0.0034    0.0012   -0.12     -0.044     0.019     0.68    
   0.027     0.055     0.076    -0.035     0.0043    0.0033   -0.24     -0.16      0.031     1.2     
   0.019     0.02      0.024    -0.011    -0.0084   -0.0089   -0.053    -0.052    -0.041     0.24    
   0         0         0         0         0         0        -0        -0        -0         0       

ACTUATOR_LENGTH
  -0.025   
   0.71    
  -1.7     
  -0.2     
   0.98    
  -2       
  -0.21    
   0.84    
  -1.7     
  -0.045   
   0.72    
  -1.7     

ACTUATOR_MOMENT
   0         0         0         0         0         0         0         0         0         1         0         0         0         0         0         0         0         0       
   0         0         0         0         0         0         0         0         0         0         1         0         0         0         0         0         0         0       
   0         0         0         0         0         0         0         0         0         0         0         1         0         0         0         0         0         0       
   0         0         0         0         0         0         1         0         0         0         0         0         0         0         0         0         0         0       
   0         0         0         0         0         0         0         1         0         0         0         0         0         0         0         0         0         0       
   0         0         0         0         0         0         0         0         1         0         0         0         0         0         0         0         0         0       
   0         0         0         0         0         0         0         0         0         0         0         0         0         0         0         1         0         0       
   0         0         0         0         0         0         0         0         0         0         0         0         0         0         0         0         1         0       
   0         0         0         0         0         0         0         0         0         0         0         0         0         0         0         0         0         1       
   0         0         0         0         0         0         0         0         0         0         0         0         1         0         0         0         0         0       
   0         0         0         0         0         0         0         0         0         0         0         0         0         1         0         0         0         0       
   0         0         0         0         0         0         0         0         0         0         0         0         0         0         1         0         0         0       

CRB
   0         0         0         0         0         0         0         0         0         0       
   0.18      0.48      0.53     -0.034    -0.0016   -0.00045  -3.1e-15   2.8e-17  -8.7e-16   15      
   0.039     0.069     0.086    -0.036     0.0043    0.0061    0.33      0.23     -0.048     2.1     
   0.034     0.046     0.06     -0.027     0.0064    0.0069    0.2       0.18     -0.059     1.4     
   0.011     0.013     0.0083   -0.0036    0.0062    0.005     0.031     0.028    -0.043     0.24    
   0         0         0         0         0         0         0         0        -0         0       
   0.032     0.09      0.092     0.029     0.0051   -0.0072    0.38     -0.16     -0.037     2.1     
   0.031     0.064     0.066     0.026     0.0076   -0.0075    0.25     -0.15     -0.05      1.4     
   0.016     0.021     0.013     0.0058    0.01     -0.0067    0.045    -0.032    -0.051     0.24    
   0         0         0         0         0         0         0        -0        -0         0       
   0.03      0.12      0.12      0.035    -0.011     0.0051   -0.45      0.16     -0.037     2.1     
   0.028     0.092     0.091     0.031    -0.014     0.0057   -0.32      0.14     -0.054     1.4     
   0.014     0.025     0.016     0.0057   -0.011     0.0054   -0.056     0.025    -0.052     0.24    
   0         0         0         0         0         0        -0         0        -0         0       
   0.05      0.098     0.13     -0.054    -0.00073  -0.0045   -0.41     -0.26      0.008     2.1     
   0.046     0.075     0.1      -0.046    -0.0041   -0.0056   -0.29     -0.22     -0.011     1.4     
   0.019     0.02      0.024    -0.011    -0.0084   -0.0089   -0.053    -0.052    -0.041     0.24    
   0         0         0         0         0         0        -0        -0        -0         0       

QM
   15        0         0        -0.037    -0.34      0.035    -0.007    -0.061    -0.015    -0.011    -0.082    -0.019    -0.0074   -0.081    -0.018    -0.0078   -0.077    -0.02    
   0         15        0         0.34     -0.036    -0.0036    0.084     0.0039   -0.0086    0.077    -0.0071   -0.0035    0.089    -0.0063   -0.004     0.049     0.0016   -0.0086  
   0         0         15       -0.043     0.014    -0.00054   0.092     0.046    -0.03     -0.11      0.034    -0.028     0.1       0.035    -0.029    -0.12      0.042    -0.026   
  -0.037     0.34     -0.043     0.18     -0.0015   -0.0093    0.024     0.0064   -0.0043    0.032    -0.0046    0.0041    0.031     0.0047   -0.0041    0.031    -0.0058    0.0038  
  -0.34     -0.036     0.014    -0.0015    0.49     -0.0023   -0.015     0.0092    0.0087    0.018     0.016     0.011     0.023     0.029    -0.00041  -0.029     0.027    -0.00072 
   0.035    -0.0036   -0.00054  -0.0093   -0.0023    0.53      0.011     0.0069    0.00038   0.012    -0.012    -0.0029   -0.021     0.01      0.0026   -0.014    -0.017    -0.0028  
  -0.007     0.084     0.092     0.024    -0.015     0.011     0.03      0.0043   -0.0029    0         0         0         0         0         0         0         0         0       
  -0.061     0.0039    0.046     0.0064    0.0092    0.0069    0.0043    0.027     0.0027    0         0         0         0         0         0         0         0         0       
  -0.015    -0.0086   -0.03     -0.0043    0.0087    0.00038  -0.0029    0.0027    0.016     0         0         0         0         0         0         0         0         0       
  -0.011     0.077    -0.11      0.032     0.018     0.012     0         0         0         0.037    -0.0031    0.0027    0         0         0         0         0         0       
  -0.082    -0.0071    0.034    -0.0046    0.016    -0.012     0         0         0        -0.0031    0.032     0.0053    0         0         0         0         0         0       
  -0.019    -0.0035   -0.028     0.0041    0.011    -0.0029    0         0         0         0.0027    0.0053    0.016     0         0         0         0         0         0       
  -0.0074    0.089     0.1       0.031     0.023    -0.021     0         0         0         0         0         0         0.037     0.0031   -0.0028    0         0         0       
  -0.081    -0.0063    0.035     0.0047    0.029     0.01      0         0         0         0         0         0         0.0031    0.032     0.0051    0         0         0       
  -0.018    -0.004    -0.029    -0.0041   -0.00041   0.0026    0         0         0         0         0         0        -0.0028    0.0051    0.016     0         0         0       
  -0.0078    0.049    -0.12      0.031    -0.029    -0.014     0         0         0         0         0         0         0         0         0         0.035    -0.0039    0.0026  
  -0.077     0.0016    0.042    -0.0058    0.027    -0.017     0         0         0         0         0         0         0         0         0        -0.0039    0.032     0.005   
  -0.02     -0.0086   -0.026     0.0038   -0.00072  -0.0028    0         0         0         0         0         0         0         0         0         0.0026    0.005     0.016   

QLD
   14        0.0017    0.013    -0.11     -0.36      0.0027    0.03     -2.2      -0.91     -0.48     -2.5      -1.1      -0.015    -2.5      -1.1      -0.46     -2.4      -1.2     
   0.0017    14       -0.0091    1.1      -0.098     0.044     2.9       0.2      -0.52      2.1      -0.2      -0.21      2.5      -0.17     -0.24      1.5       0.14     -0.53    
   0.013    -0.0091    14       -0.019    -0.3       0.039     2.7       1.9      -1.8      -2.8       1.4      -1.7       2.6       1.4      -1.7      -3.3       1.7      -1.6     
  -0.11      1.1      -0.019     0.078    -0.001    -0.0042    0.78      0.27     -0.26      0.85     -0.19      0.25      0.84      0.2      -0.25      0.86     -0.23      0.23    
  -0.36     -0.098    -0.3      -0.001     0.37      0.015    -0.52      0.29      0.54      0.5       0.4       0.66      0.54      0.95     -0.025    -0.7       0.92     -0.044   
   0.0027    0.044     0.039    -0.0042    0.015     0.49      0.34      0.26      0.023     0.31     -0.37     -0.18     -0.6       0.31      0.16     -0.47     -0.54     -0.17    
   0.03      2.9       2.7       0.78     -0.52      0.34      0.028     0.18     -0.18      0         0         0         0         0         0         0         0         0       
  -2.2       0.2       1.9       0.27      0.29      0.26      0.18      0.027     0.17      0         0         0         0         0         0         0         0         0       
  -0.91     -0.52     -1.8      -0.26      0.54      0.023    -0.18      0.17      0.016     0         0         0         0         0         0         0         0         0       
  -0.48      2.1      -2.8       0.85      0.5       0.31      0         0         0         0.036    -0.13      0.17      0         0         0         0         0         0       
  -2.5      -0.2       1.4      -0.19      0.4      -0.37      0         0         0        -0.13      0.031     0.32      0         0         0         0         0         0       
  -1.1      -0.21     -1.7       0.25      0.66     -0.18      0         0         0         0.17      0.32      0.016     0         0         0         0         0         0       
  -0.015     2.5       2.6       0.84      0.54     -0.6       0         0         0         0         0         0         0.036     0.13     -0.17      0         0         0       
  -2.5      -0.17      1.4       0.2       0.95      0.31      0         0         0         0         0         0         0.13      0.03      0.31      0         0         0       
  -1.1      -0.24     -1.7      -0.25     -0.025     0.16      0         0         0         0         0         0        -0.17      0.31      0.016     0         0         0       
  -0.46      1.5      -3.3       0.86     -0.7      -0.47      0         0         0         0         0         0         0         0         0         0.034    -0.16      0.16    
  -2.4       0.14      1.7      -0.23      0.92     -0.54      0         0         0         0         0         0         0         0         0        -0.16      0.03      0.3     
  -1.2      -0.53     -1.6       0.23     -0.044    -0.17      0         0         0         0         0         0         0         0         0         0.16      0.3       0.016   

QLDIAGINV
   0.07    
   0.069   
   0.074   
   13      
   2.7     
   2.1     
   35      
   38      
   61      
   28      
   33      
   61      
   28      
   33      
   61      
   29      
   33      
   61      

QLDIAGSQRTINV
   0.26    
   0.26    
   0.27    
   3.6     
   1.6     
   1.4     
   5.9     
   6.1     
   7.8     
   5.3     
   5.7     
   7.8     
   5.3     
   5.7     
   7.8     
   5.4     
   5.8     
   7.8     

D_rownnz              18 18 18 18 18 18 9 9 9 9 9 9 9 9 9 9 9 9

D_rowadr              0 18 36 54 72 90 108 117 126 135 144 153 162 171 180 189 198 207

D_colind              0 1 2 3 4 5 6 7 8 9 10 11 12 13 14 15 16 17 0 1 2 3 4 5 6 7 8 9 10 11 12 13 14 15 16 17 0 1 2 3 4 5 6 7 8 9 10 11 12 13 14 15 16 17 0 1 2 3 4 5 6 7 8 9 10 11 12 13 14 15 16 17 0 1 2 3 4 5 6 7 8 9 10 11 12 13 14 15 16 17 0 1 2 3 4 5 6 7 8 9 10 11 12 13 14 15 16 17 0 1 2 3 4 5 6 7 8 0 1 2 3 4 5 6 7 8 0 1 2 3 4 5 6 7 8 0 1 2 3 4 5 9 10 11 0 1 2 3 4 5 9 10 11 0 1 2 3 4 5 9 10 11 0 1 2 3 4 5 12 13 14 0 1 2 3 4 5 12 13 14 0 1 2 3 4 5 12 13 14 0 1 2 3 4 5 15 16 17 0 1 2 3 4 5 15 16 17 0 1 2 3 4 5 15 16 17

B_rownnz              18 18 9 9 9 9 9 9 9 9 9 9 9 9 9 9 9 9

B_rowadr              0 18 36 45 54 63 72 81 90 99 108 117 126 135 144 153 162 171

B_colind              0 1 2 3 4 5 6 7 8 9 10 11 12 13 14 15 16 17 0 1 2 3 4 5 6 7 8 9 10 11 12 13 14 15 16 17 0 1 2 3 4 5 6 7 8 0 1 2 3 4 5 6 7 8 0 1 2 3 4 5 6 7 8 0 1 2 3 4 5 6 7 8 0 1 2 3 4 5 9 10 11 0 1 2 3 4 5 9 10 11 0 1 2 3 4 5 9 10 11 0 1 2 3 4 5 9 10 11 0 1 2 3 4 5 12 13 14 0 1 2 3 4 5 12 13 14 0 1 2 3 4 5 12 13 14 0 1 2 3 4 5 12 13 14 0 1 2 3 4 5 15 16 17 0 1 2 3 4 5 15 16 17 0 1 2 3 4 5 15 16 17 0 1 2 3 4 5 15 16 17

QDERIV
   0         0         0         0         0         0         0         0         0         0         0         0         0         0         0         0         0         0       
   0         0         0         0         0         0         0         0         0         0         0         0         0         0         0         0         0         0       
   0         0         0         0         0         0         0         0         0         0         0         0         0         0         0         0         0         0       
   0         0         0         0         0         0         0         0         0         0         0         0         0         0         0         0         0         0       
   0         0         0         0         0         0         0         0         0         0         0         0         0         0         0         0         0         0       
   0         0         0         0         0         0         0         0         0         0         0         0         0         0         0         0         0         0       
   0         0         0         0         0         0         0         0         0         0         0         0         0         0         0         0         0         0       
   0         0         0         0         0         0         0         0         0         0         0         0         0         0         0         0         0         0       
   0         0         0         0         0         0         0         0         0         0         0         0         0         0         0         0         0         0       
   0         0         0         0         0         0         0         0         0         0         0         0         0         0         0         0         0         0       
   0         0         0         0         0         0         0         0         0         0         0         0         0         0         0         0         0         0       
   0         0         0         0         0         0         0         0         0         0         0         0         0         0         0         0         0         0       
   0         0         0         0         0         0         0         0         0         0         0         0         0         0         0         0         0         0       
   0         0         0         0         0         0         0         0         0         0         0         0         0         0         0         0         0         0       
   0         0         0         0         0         0         0         0         0         0         0         0         0         0         0         0         0         0       
   0         0         0         0         0         0         0         0         0         0         0         0         0         0         0         0         0         0       
   0         0         0         0         0         0         0         0         0         0         0         0         0         0         0         0         0         0       
   0         0         0         0         0         0         0         0         0         0         0         0         0         0         0         0         0         0       

QLU
   0         0         0         0         0         0         0         0         0         0         0         0         0         0         0         0         0         0       
   0         0         0         0         0         0         0         0         0         0         0         0         0         0         0         0         0         0       
   0         0         0         0         0         0         0         0         0         0         0         0         0         0         0         0         0         0       
   0         0         0         0         0         0         0         0         0         0         0         0         0         0         0         0         0         0       
   0         0         0         0         0         0         0         0         0         0         0         0         0         0         0         0         0         0       
   0         0         0         0         0         0         0         0         0         0         0         0         0         0         0         0         0         0       
   0         0         0         0         0         0         0         0         0         0         0         0         0         0         0         0         0         0       
   0         0         0         0         0         0         0         0         0         0         0         0         0         0         0         0         0         0       
   0         0         0         0         0         0         0         0         0         0         0         0         0         0         0         0         0         0       
   0         0         0         0         0         0         0         0         0         0         0         0         0         0         0         0         0         0       
   0         0         0         0         0         0         0         0         0         0         0         0         0         0         0         0         0         0       
   0         0         0         0         0         0         0         0         0         0         0         0         0         0         0         0         0         0       
   0         0         0         0         0         0         0         0         0         0         0         0         0         0         0         0         0         0       
   0         0         0         0         0         0         0         0         0         0         0         0         0         0         0         0         0         0       
   0         0         0         0         0         0         0         0         0         0         0         0         0         0         0         0         0         0       
   0         0         0         0         0         0         0         0         0         0         0         0         0         0         0         0         0         0       
   0         0         0         0         0         0         0         0         0         0         0         0         0         0         0         0         0         0       
   0         0         0         0         0         0         0         0         0         0         0         0         0         0         0         0         0         0       

CONTACT
  0:
     dim           6
     geoms         floor : FR
     exclude       0
     efc_address   12
     solref         0.02      1       
     solimp         0.9       0.95      0.001     0.5       2       
     dist          -0.00044 
     includemargin  0.001   
     pos           -2.9      -0.2      -0.00022 
     frame          0         0         1         0         1         0        -1         0         0       
     friction       0.8       0.8       0.02      0.01      0.01    
     mu             0.08    
  1:
     dim           6
     geoms         floor : RL
     exclude       0
     efc_address   18
     solref         0.02      1       
     solimp         0.9       0.95      0.001     0.5       2       
     dist          -0.0019  
     includemargin  0.001   
     pos           -3.3       0.039    -0.00096 
     frame          0         0         1         0         1         0        -1         0         0       
     friction       0.8       0.8       0.02      0.01      0.01    
     mu             0.08    

EFC_TYPE
  1
  1
  1
  1
  1
  1
  1
  1
  1
  1
  1
  1
  7
  7
  7
  7
  7
  7
  7
  7
  7
  7
  7
  7

EFC_ID
  6
  7
  8
  9
  10
  11
  12
  13
  14
  15
  16
  17
  0
  0
  0
  0
  0
  0
  1
  1
  1
  1
  1
  1

EFC_J
   0         0         0         0         0         0         1         0         0         0         0         0         0         0         0         0         0         0       
   0         0         0         0         0         0         0         1         0         0         0         0         0         0         0         0         0         0       
   0         0         0         0         0         0         0         0         1         0         0         0         0         0         0         0         0         0       
   0         0         0         0         0         0         0         0         0         1         0         0         0         0         0         0         0         0       
   0         0         0         0         0         0         0         0         0         0         1         0         0         0         0         0         0         0       
   0         0         0         0         0         0         0         0         0         0         0         1         0         0         0         0         0         0       
   0         0         0         0         0         0         0         0         0         0         0         0         1         0         0         0         0         0       
   0         0         0         0         0         0         0         0         0         0         0         0         0         1         0         0         0         0       
   0         0         0         0         0         0         0         0         0         0         0         0         0         0         1         0         0         0       
   0         0         0         0         0         0         0         0         0         0         0         0         0         0         0         1         0         0       
   0         0         0         0         0         0         0         0         0         0         0         0         0         0         0         0         1         0       
   0         0         0         0         0         0         0         0         0         0         0         0         0         0         0         0         0         1       
   0         0         1        -0.16     -0.22     -0.0088    0         0         0        -0.11     -0.028    -0.17      0         0         0         0         0         0       
   0         1         0         0.3      -0.039     0.24      0         0         0         0.3      -0.034    -0.025     0         0         0         0         0         0       
  -1         0         0         0.035     0.31     -0.12      0         0         0         0.034     0.31      0.15      0         0         0         0         0         0       
   0         0         0        -0.021    -0.025     1         0         0         0        -0.021    -0.05     -0.05      0         0         0         0         0         0       
   0         0         0         0.11      0.99      0.027     0         0         0         0.11      0.99      0.99      0         0         0         0         0         0       
   0         0         0        -0.99      0.11     -0.018     0         0         0        -0.99      0.11      0.11      0         0         0         0         0         0       
   0         0         1         0.12      0.17      0.0067    0         0         0         0         0         0         0.076    -0.027    -0.17      0         0         0       
   0         1         0         0.31     -0.028    -0.17      0         0         0         0         0         0         0.31     -0.035    -0.028     0         0         0       
  -1         0         0         0.03      0.3       0.11      0         0         0         0         0         0         0.031     0.3       0.14      0         0         0       
   0         0         0        -0.021    -0.025     1         0         0         0         0         0         0        -0.021    -0.07     -0.07      0         0         0       
   0         0         0         0.11      0.99      0.027     0         0         0         0         0         0         0.11      0.99      0.99      0         0         0       
   0         0         0        -0.99      0.11     -0.018     0         0         0         0         0         0        -0.99      0.11      0.11      0         0         0       

EFC_POS
   0       
   0       
   0       
   0       
   0       
   0       
   0       
   0       
   0       
   0       
   0       
   0       
  -0.00044 
   0       
   0       
   0       
   0       
   0       
  -0.0019  
   0       
   0       
   0       
   0       
   0       

EFC_MARGIN
   0       
   0       
   0       
   0       
   0       
   0       
   0       
   0       
   0       
   0       
   0       
   0       
   0.001   
   0       
   0       
   0       
   0       
   0       
   0.001   
   0       
   0       
   0       
   0       
   0       

EFC_FRICTIONLOSS
   0.2     
   0.2     
   0.2     
   0.2     
   0.2     
   0.2     
   0.2     
   0.2     
   0.2     
   0.2     
   0.2     
   0.2     
   0       
   0       
   0       
   0       
   0       
   0       
   0       
   0       
   0       
   0       
   0       
   0       

EFC_DIAGAPPROX
   29      
   29      
   80      
   29      
   29      
   80      
   29      
   29      
   80      
   29      
   29      
   80      
   1.8     
   0.018   
   0.018   
   28      
   1.1e+02 
   1.1e+02 
   1.8     
   0.018   
   0.018   
   28      
   1.1e+02 
   1.1e+02 

EFC_KBIP
   0         1.1e+02   0.9       0       
   0         1.1e+02   0.9       0       
   0         1.1e+02   0.9       0       
   0         1.1e+02   0.9       0       
   0         1.1e+02   0.9       0       
   0         1.1e+02   0.9       0       
   0         1.1e+02   0.9       0       
   0         1.1e+02   0.9       0       
   0         1.1e+02   0.9       0       
   0         1.1e+02   0.9       0       
   0         1.1e+02   0.9       0       
   0         1.1e+02   0.9       0       
   2.8e+03   1.1e+02   0.95      0       
   0         1.1e+02   0.95      0       
   0         1.1e+02   0.95      0       
   0         1.1e+02   0.95      0       
   0         1.1e+02   0.95      0       
   0         1.1e+02   0.95      0       
   2.8e+03   1.1e+02   0.95      0       
   0         1.1e+02   0.95      0       
   0         1.1e+02   0.95      0       
   0         1.1e+02   0.95      0       
   0         1.1e+02   0.95      0       
   0         1.1e+02   0.95      0       

EFC_D
   0.31    
   0.32    
   0.11    
   0.31    
   0.32    
   0.11    
   0.31    
   0.31    
   0.11    
   0.31    
   0.31    
   0.11    
   11      
   1.1e+03 
   1.1e+03 
   0.67    
   0.17    
   0.17    
   11      
   1.1e+03 
   1.1e+03 
   0.67    
   0.17    
   0.17    

EFC_R
   3.2     
   3.2     
   8.9     
   3.2     
   3.2     
   8.9     
   3.2     
   3.2     
   8.9     
   3.2     
   3.2     
   8.9     
   0.093   
   0.00093 
   0.00093 
   1.5     
   6       
   6       
   0.093   
   0.00093 
   0.00093 
   1.5     
   6       
   6       

ACTUATOR_VELOCITY
   0       
   0       
   0       
   0       
   0       
   0       
   0       
   0       
   0       
   0       
   0       
   0       

CVEL
   0         0         0         0         0         0       
   0         0         0         0         0         0       
   0         0         0         0         0         0       
   0         0         0         0         0         0       
   0         0         0         0         0         0       
   0         0         0         0         0         0       
   0         0         0         0         0         0       
   0         0         0         0         0         0       
   0         0         0         0         0         0       
   0         0         0         0         0         0       
   0         0         0         0         0         0       
   0         0         0         0         0         0       
   0         0         0         0         0         0       
   0         0         0         0         0         0       
   0         0         0         0         0         0       
   0         0         0         0         0         0       
   0         0         0         0         0         0       
   0         0         0         0         0         0       

CDOF_DOT
   0         0         0         0         0         0       
   0         0         0         0         0         0       
   0         0         0         0         0         0       
  -0         0         0        -0         0         0       
  -0         0         0         0         0         0       
   0         0         0         0         0         0       
  -0         0         0        -0         0         0       
  -0         0         0         0         0         0       
  -0         0         0         0         0         0       
  -0         0         0         0         0         0       
  -0         0         0         0         0         0       
  -0         0         0         0         0         0       
  -0         0         0        -0         0         0       
  -0         0         0         0         0         0       
  -0         0         0         0         0         0       
  -0         0         0         0         0         0       
  -0         0         0         0         0         0       
  -0         0         0         0         0         0       

QFRC_BIAS
   0       
   0       
   1.5e+02 
  -0.42    
   0.14    
  -0.0053  
   0.9     
   0.45    
  -0.29    
  -1.1     
   0.34    
  -0.28    
   1       
   0.34    
  -0.28    
  -1.2     
   0.41    
  -0.26    

QFRC_SPRING
   0       
   0       
   0       
   0       
   0       
   0       
   0       
   0       
   0       
   0       
   0       
   0       
   0       
   0       
   0       
   0       
   0       
   0       

QFRC_DAMPER
   0       
   0       
   0       
   0       
   0       
   0       
  -0       
  -0       
  -0       
  -0       
  -0       
  -0       
  -0       
  -0       
  -0       
  -0       
  -0       
  -0       

QFRC_GRAVCOMP
   0       
   0       
   0       
   0       
   0       
   0       
   0       
   0       
   0       
   0       
   0       
   0       
   0       
   0       
   0       
   0       
   0       
   0       

QFRC_FLUID
   0       
   0       
   0       
   0       
   0       
   0       
   0       
   0       
   0       
   0       
   0       
   0       
   0       
   0       
   0       
   0       
   0       
   0       

QFRC_PASSIVE
   0       
   0       
   0       
   0       
   0       
   0       
   0       
   0       
   0       
   0       
   0       
   0       
   0       
   0       
   0       
   0       
   0       
   0       

EFC_VEL
   0       
   0       
   0       
   0       
   0       
   0       
   0       
   0       
   0       
   0       
   0       
   0       
   0       
   0       
   0       
   0       
   0       
   0       
   0       
   0       
   0       
   0       
   0       
   0       

EFC_AREF
  -0       
  -0       
  -0       
  -0       
  -0       
  -0       
  -0       
  -0       
  -0       
  -0       
  -0       
  -0       
   3.8     
  -0       
  -0       
  -0       
  -0       
  -0       
   7.7     
  -0       
  -0       
  -0       
  -0       
  -0       

SUBTREE_LINVEL
   0         0         0       
   0         0         0       
   0         0         0       
   0         0         0       
   0         0         0       
   0         0         0       
   0         0         0       
   0         0         0       
   0         0         0       
   0         0         0       
   0         0         0       
   0         0         0       
   0         0         0       
   0         0         0       
   0         0         0       
   0         0         0       
   0         0         0       
   0         0         0       

SUBTREE_ANGMOM
   0         0         0       
   0         0         0       
   0         0         0       
   0         0         0       
   0         0         0       
   0         0         0       
   0         0         0       
   0         0         0       
   0         0         0       
   0         0         0       
   0         0         0       
   0         0         0       
   0         0         0       
   0         0         0       
   0         0         0       
   0         0         0       
   0         0         0       
   0         0         0       

ACTUATOR_FORCE
   3       
   3.5     
  -5       
   9.2     
   0.8     
   7.1     
   0.01    
   0.99    
   13      
   1.1     
   4.4     
  -5.3     

QFRC_ACTUATOR
   0       
   0       
   0       
   0       
   0       
   0       
   9.2     
   0.8     
   7.1     
   3       
   3.5     
  -5       
   1.1     
   4.4     
  -5.3     
   0.01    
   0.99    
   13      

QFRC_SMOOTH
   0       
   0       
  -1.5e+02 
   0.42    
  -0.14    
   0.0053  
   8.3     
   0.35    
   7.4     
   4.1     
   3.1     
  -4.7     
   0.13    
   4       
  -5       
   1.2     
   0.57    
   13      

QACC_SMOOTH
   2       
  -0.81    
  -11      
  -1.5e+02 
  -8.5     
  -13      
   4.9e+02 
  -51      
   5e+02   
   2.6e+02 
   1.8e+02 
  -3.6e+02 
   1.1e+02 
   2.3e+02 
  -4.1e+02 
   39      
  -1.2e+02 
   8.5e+02 

EFC_B
   4.9e+02 
  -51      
   5e+02   
   2.6e+02 
   1.8e+02 
  -3.6e+02 
   1.1e+02 
   2.3e+02 
  -4.1e+02 
   39      
  -1.2e+02 
   8.5e+02 
   39      
   33      
   0.82    
  -5.5     
  -1.8e+02 
  -1.3e+02 
   34      
  -6.1     
   3.2     
   0.82    
  -1.9e+02 
   16      

EFC_FORCE
  -0.2     
   0.2     
  -0.2     
  -0.2     
  -0.2     
   0.2     
  -0.2     
  -0.2     
   0.2     
  -0.2     
   0.2     
  -0.2     
   0       
   0       
   0       
   0       
   0       
   0       
   0       
   0       
   0       
   0       
   0       
   0       

EFC_STATE
  3
  2
  3
  3
  3
  2
  3
  3
  2
  3
  2
  3
  0
  0
  0
  0
  0
  0
  0
  0
  0
  0
  0
  0

QFRC_CONSTRAINT
   0       
   0       
   0       
   0       
   0       
   0       
  -0.2     
   0.2     
  -0.2     
  -0.2     
  -0.2     
   0.2     
  -0.2     
  -0.2     
   0.2     
  -0.2     
   0.2     
  -0.2     

QFRC_INVERSE
   0       
   0       
   0       
   0       
   0       
   0       
   0       
   0       
   0       
   0       
   0       
   0       
   0       
   0       
   0       
   0       
   0       
   0       

CACC
   0         0         0        -0        -0         9.8     
  -1.4e+02  -24       -9.4       2.5      -3.8      -1       
   3.4e+02   27       -19        0.96      6.1      -25      
   3.4e+02  -13       -10        2.3       4.5      -32      
   2.9e+02   4.6e+02  -1.2e+02   44        11       -25      
   2.9e+02   4.6e+02  -1.2e+02   44        11       -25      
   1e+02     2.3      -14        2.1       1.9       9.6     
   87        1.7e+02  -23       -0.89      3.2       42      
   1.2e+02  -1.8e+02  -5.5      -50       -3         24      
   1.2e+02  -1.8e+02  -5.5      -50       -3         24      
  -37       -13       -12        2.2      -1.7      -6       
  -61        2.1e+02  -27       -3.8      -5.3      -49      
  -19       -1.9e+02   0.62     -55       -1.5       85      
  -19       -1.9e+02   0.62     -55       -1.5       85      
  -1.1e+02  -21       -10        2.5      -3.1       0.18    
  -98       -1.2e+02   15        3.7       1.9       20      
  -1.9e+02   6.8e+02  -1.8e+02   1.1e+02  -55       -2.7e+02 
  -1.9e+02   6.8e+02  -1.8e+02   1.1e+02  -55       -2.7e+02 

CFRC_INT
   0         1.2e-14  -1.3e-15  -1.4e-14   7.1e-15   7.3e-14 
   0         1.2e-14  -1.3e-15  -1.4e-14   7.1e-15   7.3e-14 
   3.9       1.2       1.6       0.44      18        1.7     
   3.9       0.44      2.1      -1.4       20        5.5     
   0.69      3.3       2.2      -5.8       11       -12      
   0         0         0         0         0         0       
  -0.21     -2        -0.69     -5.3       2.2       18      
  -0.19     -1.2      -0.33     -6.5       4.2       13      
  -0.06     -1.4       0.66     -3.1       5.4       9.8     
   0         0         0         0         0         0       
  -0.42      0.91      0.49     -3.9       0.48     -4.9     
  -0.17      2.1       0.73     -5.4      -0.49      1.6     
   0.71      2.7       0.68     -3.7      -1.4       9.6     
   0         0         0         0         0         0       
  -0.079     0.74      0.37     -6.3      -8.8      -6       
   0.16      0.29      0.53     -7.1      -10       -8.4     
   1.8      -1.3       0.04     -10       -12       -18      
   0         0         0         0         0         0       

CFRC_EXT
   0         0         0         0         0         0       
   0         0         0         0         0         0       
   0         0         0         0         0         0       
   0         0         0         0         0         0       
   0         0         0         0         0         0       
   0         0         0         0         0         0       
   0         0         0         0         0         0       
   0         0         0         0         0         0       
   0         0         0         0         0         0       
   0         0         0         0         0         0       
   0         0         0         0         0         0       
   0         0         0         0         0         0       
   0         0         0         0         0         0       
   0         0         0         0         0         0       
   0         0         0         0         0         0       
   0         0         0         0         0         0       
   0         0         0         0         0         0       
   0         0         0         0         0         0       

